===== BAYENV2.0 =====

input file is set
number of populations is set
number of iterations is set
seed is set
TEST = 0 . So running matrix estimation
MCMC VER 0.71 (THREADED)
ITERATIONS = 100000
INPUT FILE = snpsfile.table
SEED = -63479

num_alleles = 6050.000000
number of loci = 3025
VAR-COVAR MATRIX: ITER = 500
7.092129e-03	1.341844e-03	-1.641729e-03	-4.376044e-04	-1.886254e-03	4.858969e-04	-7.803815e-04	
1.341844e-03	6.192864e-03	-2.140121e-03	-6.056843e-04	-1.579977e-03	2.603507e-04	-3.861439e-04	
-1.641729e-03	-2.140121e-03	8.783795e-03	-1.947511e-03	2.602083e-03	-1.404048e-03	-2.533997e-03	
-4.376044e-04	-6.056843e-04	-1.947511e-03	8.234407e-03	-2.133470e-03	-1.022345e-03	1.185667e-03	
-1.886254e-03	-1.579977e-03	2.602083e-03	-2.133470e-03	8.663726e-03	-1.510472e-03	-3.249536e-03	
4.858969e-04	2.603507e-04	-1.404048e-03	-1.022345e-03	-1.510472e-03	8.081704e-03	-1.660350e-03	
-7.803815e-04	-3.861439e-04	-2.533997e-03	1.185667e-03	-3.249536e-03	-1.660350e-03	1.115227e-02	

VAR-COVAR MATRIX: ITER = 1000
3.139116e-03	3.020398e-04	-3.668654e-04	-2.521986e-06	-3.278306e-04	1.115054e-04	2.922456e-05	
3.020398e-04	3.127803e-03	-4.771329e-04	7.026991e-05	-4.732981e-04	4.592286e-05	1.160906e-04	
-3.668654e-04	-4.771329e-04	3.597531e-03	-1.961837e-04	6.373204e-04	-2.535429e-04	-3.724318e-04	
-2.521986e-06	7.026991e-05	-1.961837e-04	3.403114e-03	-2.247304e-04	-2.536860e-04	2.619929e-04	
-3.278306e-04	-4.732981e-04	6.373204e-04	-2.247304e-04	3.678699e-03	-3.303974e-04	-4.787530e-04	
1.115054e-04	4.592286e-05	-2.535429e-04	-2.536860e-04	-3.303974e-04	3.164027e-03	-1.505828e-04	
2.922456e-05	1.160906e-04	-3.724318e-04	2.619929e-04	-4.787530e-04	-1.505828e-04	3.516694e-03	

VAR-COVAR MATRIX: ITER = 1500
2.710455e-03	1.328674e-04	-1.728596e-04	7.493175e-05	-1.237910e-04	-5.322105e-05	-2.175292e-05	
1.328674e-04	2.804571e-03	-7.878213e-05	-2.192637e-05	-1.968897e-04	4.161704e-06	2.197198e-05	
-1.728596e-04	-7.878213e-05	2.896880e-03	-1.160602e-04	7.252320e-05	-9.467508e-05	-3.749054e-05	
7.493175e-05	-2.192637e-05	-1.160602e-04	2.776059e-03	-3.896386e-05	-1.059418e-04	-5.653689e-05	
-1.237910e-04	-1.968897e-04	7.252320e-05	-3.896386e-05	2.816504e-03	-2.937622e-05	-2.573179e-05	
-5.322105e-05	4.161704e-06	-9.467508e-05	-1.059418e-04	-2.937622e-05	2.700038e-03	1.293337e-04	
-2.175292e-05	2.197198e-05	-3.749054e-05	-5.653689e-05	-2.573179e-05	1.293337e-04	2.787786e-03	

VAR-COVAR MATRIX: ITER = 2000
2.683930e-03	4.124369e-05	2.201903e-05	-7.515473e-05	-2.249045e-05	1.363688e-05	-1.385701e-05	
4.124369e-05	2.726444e-03	7.549180e-05	3.637968e-05	7.183634e-05	1.699189e-05	-1.888645e-05	
2.201903e-05	7.549180e-05	2.841849e-03	6.374402e-05	1.013436e-04	-5.360995e-05	1.560319e-05	
-7.515473e-05	3.637968e-05	6.374402e-05	2.807393e-03	3.404689e-05	1.009367e-04	5.502102e-05	
-2.249045e-05	7.183634e-05	1.013436e-04	3.404689e-05	2.755219e-03	1.405446e-05	8.451375e-05	
1.363688e-05	1.699189e-05	-5.360995e-05	1.009367e-04	1.405446e-05	2.754935e-03	1.119373e-05	
-1.385701e-05	-1.888645e-05	1.560319e-05	5.502102e-05	8.451375e-05	1.119373e-05	2.605019e-03	

VAR-COVAR MATRIX: ITER = 2500
2.684513e-03	-2.784416e-05	-4.841804e-05	4.493356e-05	1.037652e-05	4.502468e-05	3.371259e-05	
-2.784416e-05	2.585350e-03	-1.018800e-04	4.033367e-05	9.499231e-05	4.350737e-05	-4.133601e-06	
-4.841804e-05	-1.018800e-04	2.653251e-03	1.831341e-04	1.778347e-05	6.164508e-06	5.506329e-05	
4.493356e-05	4.033367e-05	1.831341e-04	2.617064e-03	-8.320346e-05	4.912329e-05	3.874111e-05	
1.037652e-05	9.499231e-05	1.778347e-05	-8.320346e-05	2.569416e-03	-4.060418e-05	-4.411496e-05	
4.502468e-05	4.350737e-05	6.164508e-06	4.912329e-05	-4.060418e-05	2.610862e-03	4.601971e-05	
3.371259e-05	-4.133601e-06	5.506329e-05	3.874111e-05	-4.411496e-05	4.601971e-05	2.731121e-03	

VAR-COVAR MATRIX: ITER = 3000
2.669816e-03	9.342235e-06	2.533175e-05	-3.706095e-05	4.234997e-05	-2.252800e-05	1.607940e-05	
9.342235e-06	2.719556e-03	1.320339e-04	4.403625e-05	-3.847714e-05	-2.046533e-07	-2.870643e-05	
2.533175e-05	1.320339e-04	2.871478e-03	-2.273198e-05	7.811364e-05	4.262049e-05	8.594490e-05	
-3.706095e-05	4.403625e-05	-2.273198e-05	2.656505e-03	-2.351233e-05	-8.851012e-05	1.506295e-05	
4.234997e-05	-3.847714e-05	7.811364e-05	-2.351233e-05	2.612054e-03	1.754222e-05	-2.160865e-05	
-2.252800e-05	-2.046533e-07	4.262049e-05	-8.851012e-05	1.754222e-05	2.786889e-03	-6.439969e-05	
1.607940e-05	-2.870643e-05	8.594490e-05	1.506295e-05	-2.160865e-05	-6.439969e-05	2.750644e-03	

VAR-COVAR MATRIX: ITER = 3500
2.657447e-03	1.416910e-04	-1.122759e-04	2.564110e-05	1.681555e-05	7.735920e-05	4.541531e-05	
1.416910e-04	2.738087e-03	4.626671e-06	2.183005e-05	-8.535312e-06	2.754949e-05	2.530511e-05	
-1.122759e-04	4.626671e-06	2.695209e-03	-9.301784e-05	-1.090662e-04	1.928906e-05	-4.165257e-05	
2.564110e-05	2.183005e-05	-9.301784e-05	2.678122e-03	-2.196399e-05	-5.594279e-05	-1.184228e-05	
1.681555e-05	-8.535312e-06	-1.090662e-04	-2.196399e-05	2.685905e-03	-7.022016e-06	8.497054e-05	
7.735920e-05	2.754949e-05	1.928906e-05	-5.594279e-05	-7.022016e-06	2.657498e-03	1.670265e-05	
4.541531e-05	2.530511e-05	-4.165257e-05	-1.184228e-05	8.497054e-05	1.670265e-05	2.809160e-03	

VAR-COVAR MATRIX: ITER = 4000
2.717478e-03	6.244791e-05	-1.294909e-05	-2.852358e-05	2.161040e-05	3.685003e-05	2.941485e-05	
6.244791e-05	2.667974e-03	-7.291419e-05	2.449596e-05	-4.007243e-05	2.491955e-05	2.908453e-05	
-1.294909e-05	-7.291419e-05	2.628332e-03	8.886350e-06	4.256936e-06	-3.491929e-05	-2.101639e-05	
-2.852358e-05	2.449596e-05	8.886350e-06	2.712809e-03	4.379466e-05	-7.038488e-06	1.126413e-05	
2.161040e-05	-4.007243e-05	4.256936e-06	4.379466e-05	2.700458e-03	2.635237e-05	-1.110232e-05	
3.685003e-05	2.491955e-05	-3.491929e-05	-7.038488e-06	2.635237e-05	2.617322e-03	-2.189872e-05	
2.941485e-05	2.908453e-05	-2.101639e-05	1.126413e-05	-1.110232e-05	-2.189872e-05	2.711490e-03	

VAR-COVAR MATRIX: ITER = 4500
2.659217e-03	-9.313771e-05	-8.569613e-06	2.610150e-05	1.446981e-05	-4.094071e-06	4.406706e-05	
-9.313771e-05	2.724983e-03	-3.034854e-05	4.481222e-05	5.114184e-05	-1.705946e-05	-7.951899e-05	
-8.569613e-06	-3.034854e-05	2.616357e-03	7.496287e-05	1.091797e-04	4.768091e-05	-4.398478e-05	
2.610150e-05	4.481222e-05	7.496287e-05	2.613580e-03	5.555748e-05	-9.338965e-06	3.413559e-05	
1.446981e-05	5.114184e-05	1.091797e-04	5.555748e-05	2.729996e-03	-3.110554e-07	-1.991223e-05	
-4.094071e-06	-1.705946e-05	4.768091e-05	-9.338965e-06	-3.110554e-07	2.727934e-03	-5.828463e-05	
4.406706e-05	-7.951899e-05	-4.398478e-05	3.413559e-05	-1.991223e-05	-5.828463e-05	2.699238e-03	

VAR-COVAR MATRIX: ITER = 5000
2.692713e-03	-8.920377e-05	-1.796535e-05	-3.293308e-06	3.318119e-05	1.596256e-06	4.189101e-05	
-8.920377e-05	2.587246e-03	6.144037e-05	4.162597e-05	2.083382e-05	-8.131935e-05	3.142769e-05	
-1.796535e-05	6.144037e-05	2.735278e-03	-7.397190e-05	1.385513e-05	5.484398e-05	-2.640329e-05	
-3.293308e-06	4.162597e-05	-7.397190e-05	2.660867e-03	2.114813e-05	-5.685627e-05	4.215342e-05	
3.318119e-05	2.083382e-05	1.385513e-05	2.114813e-05	2.626923e-03	8.441899e-05	-6.265945e-05	
1.596256e-06	-8.131935e-05	5.484398e-05	-5.685627e-05	8.441899e-05	2.787504e-03	-2.141913e-05	
4.189101e-05	3.142769e-05	-2.640329e-05	4.215342e-05	-6.265945e-05	-2.141913e-05	2.606461e-03	

VAR-COVAR MATRIX: ITER = 5500
2.706576e-03	-9.534709e-08	-8.525801e-05	7.344231e-06	-1.206194e-04	-1.685895e-05	1.317441e-04	
-9.534709e-08	2.697766e-03	-3.132501e-05	7.169995e-06	4.469559e-05	9.419980e-05	3.559840e-06	
-8.525801e-05	-3.132501e-05	2.664539e-03	4.936208e-05	5.949424e-05	-1.917515e-05	1.216074e-06	
7.344231e-06	7.169995e-06	4.936208e-05	2.713824e-03	1.377165e-05	6.929927e-05	5.894637e-05	
-1.206194e-04	4.469559e-05	5.949424e-05	1.377165e-05	2.775636e-03	2.856310e-05	-1.099751e-04	
-1.685895e-05	9.419980e-05	-1.917515e-05	6.929927e-05	2.856310e-05	2.622125e-03	-5.435185e-05	
1.317441e-04	3.559840e-06	1.216074e-06	5.894637e-05	-1.099751e-04	-5.435185e-05	2.637510e-03	

VAR-COVAR MATRIX: ITER = 6000
2.790930e-03	5.033227e-05	-3.163866e-05	5.138236e-05	-4.567366e-05	1.226143e-04	6.110046e-05	
5.033227e-05	2.713484e-03	-8.666815e-05	1.247722e-05	1.512931e-05	6.217640e-06	3.321466e-05	
-3.163866e-05	-8.666815e-05	2.729423e-03	-5.582518e-05	4.184977e-05	1.279885e-05	1.010405e-04	
5.138236e-05	1.247722e-05	-5.582518e-05	2.648961e-03	-1.234753e-04	1.995280e-05	-5.160940e-05	
-4.567366e-05	1.512931e-05	4.184977e-05	-1.234753e-04	2.669343e-03	3.576460e-05	-2.406359e-05	
1.226143e-04	6.217640e-06	1.279885e-05	1.995280e-05	3.576460e-05	2.730682e-03	5.894869e-06	
6.110046e-05	3.321466e-05	1.010405e-04	-5.160940e-05	-2.406359e-05	5.894869e-06	2.678958e-03	

VAR-COVAR MATRIX: ITER = 6500
2.595024e-03	-1.371291e-05	3.252715e-05	6.354061e-05	-1.129998e-05	4.396207e-06	9.686289e-06	
-1.371291e-05	2.590181e-03	-5.921956e-05	3.747765e-05	1.735546e-05	1.896335e-05	-3.605455e-05	
3.252715e-05	-5.921956e-05	2.758837e-03	-7.414288e-05	4.227454e-05	1.596516e-05	2.112583e-05	
6.354061e-05	3.747765e-05	-7.414288e-05	2.702300e-03	-7.390880e-05	-4.891311e-07	1.164803e-05	
-1.129998e-05	1.735546e-05	4.227454e-05	-7.390880e-05	2.545251e-03	-1.564135e-05	2.912834e-06	
4.396207e-06	1.896335e-05	1.596516e-05	-4.891311e-07	-1.564135e-05	2.660186e-03	3.069882e-05	
9.686289e-06	-3.605455e-05	2.112583e-05	1.164803e-05	2.912834e-06	3.069882e-05	2.658693e-03	

VAR-COVAR MATRIX: ITER = 7000
2.705294e-03	1.388802e-05	9.330918e-05	1.206944e-05	4.034075e-05	-3.987573e-05	4.014629e-05	
1.388802e-05	2.775178e-03	2.423133e-05	1.196448e-04	-4.059945e-05	3.654654e-06	4.911336e-05	
9.330918e-05	2.423133e-05	2.744625e-03	4.995962e-05	4.326077e-05	2.751362e-06	-7.064328e-05	
1.206944e-05	1.196448e-04	4.995962e-05	2.660905e-03	3.638213e-05	-4.077343e-05	-1.367620e-05	
4.034075e-05	-4.059945e-05	4.326077e-05	3.638213e-05	2.585523e-03	-5.064458e-05	-4.329606e-05	
-3.987573e-05	3.654654e-06	2.751362e-06	-4.077343e-05	-5.064458e-05	2.819496e-03	1.583083e-05	
4.014629e-05	4.911336e-05	-7.064328e-05	-1.367620e-05	-4.329606e-05	1.583083e-05	2.593069e-03	

VAR-COVAR MATRIX: ITER = 7500
2.733347e-03	-3.153016e-05	-2.309274e-06	-8.357687e-05	2.369438e-07	-3.872405e-05	-8.108869e-05	
-3.153016e-05	2.770675e-03	2.236757e-05	3.960102e-05	7.732218e-06	2.209048e-05	-3.700852e-05	
-2.309274e-06	2.236757e-05	2.716762e-03	1.173004e-05	-1.095576e-05	3.203636e-05	2.667309e-05	
-8.357687e-05	3.960102e-05	1.173004e-05	2.777899e-03	-4.759322e-05	-6.268666e-05	5.133444e-06	
2.369438e-07	7.732218e-06	-1.095576e-05	-4.759322e-05	2.669188e-03	7.058210e-05	3.256841e-06	
-3.872405e-05	2.209048e-05	3.203636e-05	-6.268666e-05	7.058210e-05	2.656242e-03	-7.564736e-06	
-8.108869e-05	-3.700852e-05	2.667309e-05	5.133444e-06	3.256841e-06	-7.564736e-06	2.733668e-03	

VAR-COVAR MATRIX: ITER = 8000
2.804409e-03	3.096228e-05	-1.022281e-04	-4.176672e-05	-5.889821e-05	-1.764795e-05	5.051898e-05	
3.096228e-05	2.724601e-03	-5.196262e-05	-4.299091e-05	-4.257266e-05	-2.477420e-05	-7.386726e-05	
-1.022281e-04	-5.196262e-05	2.660973e-03	-5.141443e-05	7.451955e-05	-1.348943e-05	2.850135e-05	
-4.176672e-05	-4.299091e-05	-5.141443e-05	2.708952e-03	-4.667139e-05	-8.637778e-05	5.023041e-05	
-5.889821e-05	-4.257266e-05	7.451955e-05	-4.667139e-05	2.678833e-03	6.794689e-05	5.740506e-05	
-1.764795e-05	-2.477420e-05	-1.348943e-05	-8.637778e-05	6.794689e-05	2.817523e-03	-9.360772e-06	
5.051898e-05	-7.386726e-05	2.850135e-05	5.023041e-05	5.740506e-05	-9.360772e-06	2.603322e-03	

VAR-COVAR MATRIX: ITER = 8500
2.581123e-03	2.269863e-05	-1.435394e-04	-1.195339e-05	9.910506e-06	6.206191e-05	4.019489e-05	
2.269863e-05	2.662060e-03	3.497644e-05	-7.770083e-05	5.531577e-05	-6.535818e-05	5.255534e-06	
-1.435394e-04	3.497644e-05	2.650513e-03	6.571529e-05	1.120482e-05	-2.156901e-05	1.205914e-05	
-1.195339e-05	-7.770083e-05	6.571529e-05	2.727188e-03	-7.285880e-05	-9.293174e-05	5.789328e-05	
9.910506e-06	5.531577e-05	1.120482e-05	-7.285880e-05	2.684456e-03	-4.067632e-06	-7.559096e-06	
6.206191e-05	-6.535818e-05	-2.156901e-05	-9.293174e-05	-4.067632e-06	2.753482e-03	-2.303172e-06	
4.019489e-05	5.255534e-06	1.205914e-05	5.789328e-05	-7.559096e-06	-2.303172e-06	2.591367e-03	

VAR-COVAR MATRIX: ITER = 9000
2.778486e-03	-5.646590e-05	-3.051261e-05	6.890486e-05	-2.007083e-05	9.457144e-05	4.180711e-05	
-5.646590e-05	2.686621e-03	-4.769322e-05	3.625437e-05	-7.347042e-05	5.513422e-05	7.064534e-05	
-3.051261e-05	-4.769322e-05	2.726108e-03	1.093727e-05	3.078355e-05	-6.449216e-05	6.637698e-05	
6.890486e-05	3.625437e-05	1.093727e-05	2.616598e-03	-1.221707e-05	-2.660167e-05	5.795177e-06	
-2.007083e-05	-7.347042e-05	3.078355e-05	-1.221707e-05	2.681893e-03	4.361132e-05	4.425296e-05	
9.457144e-05	5.513422e-05	-6.449216e-05	-2.660167e-05	4.361132e-05	2.748570e-03	4.052397e-05	
4.180711e-05	7.064534e-05	6.637698e-05	5.795177e-06	4.425296e-05	4.052397e-05	2.697961e-03	

VAR-COVAR MATRIX: ITER = 9500
2.684783e-03	-3.540983e-05	-5.672676e-05	4.197597e-05	2.116212e-05	3.985097e-05	5.064856e-05	
-3.540983e-05	2.649703e-03	-4.834240e-05	-2.416327e-05	-6.020005e-05	9.474029e-05	-9.498011e-05	
-5.672676e-05	-4.834240e-05	2.597311e-03	-5.648029e-05	7.573957e-05	-4.212472e-05	-1.024644e-05	
4.197597e-05	-2.416327e-05	-5.648029e-05	2.688740e-03	-2.009855e-05	-2.885143e-05	-2.778018e-05	
2.116212e-05	-6.020005e-05	7.573957e-05	-2.009855e-05	2.659432e-03	-1.010124e-04	2.210075e-05	
3.985097e-05	9.474029e-05	-4.212472e-05	-2.885143e-05	-1.010124e-04	2.721161e-03	2.256281e-05	
5.064856e-05	-9.498011e-05	-1.024644e-05	-2.778018e-05	2.210075e-05	2.256281e-05	2.763640e-03	

VAR-COVAR MATRIX: ITER = 10000
2.722098e-03	2.536121e-05	-3.156077e-05	1.152227e-05	-6.237434e-05	-2.442906e-05	1.654634e-05	
2.536121e-05	2.712720e-03	-3.562049e-05	-8.302859e-05	-5.383193e-05	-1.861466e-05	3.848986e-05	
-3.156077e-05	-3.562049e-05	2.662129e-03	-1.955036e-05	5.645585e-05	5.958975e-05	-7.670308e-05	
1.152227e-05	-8.302859e-05	-1.955036e-05	2.687753e-03	2.175168e-05	-5.521495e-05	-1.148938e-04	
-6.237434e-05	-5.383193e-05	5.645585e-05	2.175168e-05	2.651767e-03	-1.015641e-05	3.262423e-05	
-2.442906e-05	-1.861466e-05	5.958975e-05	-5.521495e-05	-1.015641e-05	2.704884e-03	-9.444054e-07	
1.654634e-05	3.848986e-05	-7.670308e-05	-1.148938e-04	3.262423e-05	-9.444054e-07	2.701716e-03	

VAR-COVAR MATRIX: ITER = 10500
2.711864e-03	1.997388e-05	-8.936245e-05	-8.247149e-05	-8.757998e-06	-3.174383e-05	3.057724e-05	
1.997388e-05	2.592942e-03	1.786889e-05	-6.364672e-05	-2.482497e-05	1.479866e-05	3.214644e-05	
-8.936245e-05	1.786889e-05	2.697294e-03	-6.924534e-05	1.460218e-05	4.819201e-05	-7.968315e-05	
-8.247149e-05	-6.364672e-05	-6.924534e-05	2.695332e-03	-2.085662e-05	7.551967e-06	1.082125e-04	
-8.757998e-06	-2.482497e-05	1.460218e-05	-2.085662e-05	2.684415e-03	4.090434e-06	-6.240191e-05	
-3.174383e-05	1.479866e-05	4.819201e-05	7.551967e-06	4.090434e-06	2.599661e-03	1.670946e-05	
3.057724e-05	3.214644e-05	-7.968315e-05	1.082125e-04	-6.240191e-05	1.670946e-05	2.539268e-03	

VAR-COVAR MATRIX: ITER = 11000
2.597388e-03	6.969272e-05	-4.106838e-05	8.670649e-05	4.709383e-06	2.334433e-05	3.685646e-05	
6.969272e-05	2.673456e-03	-6.582722e-05	-6.368396e-05	-2.415465e-05	2.828035e-05	5.469609e-05	
-4.106838e-05	-6.582722e-05	2.686899e-03	-2.556390e-05	4.313399e-05	-7.011903e-05	4.238812e-05	
8.670649e-05	-6.368396e-05	-2.556390e-05	2.672926e-03	-4.490552e-05	-9.928144e-05	-1.719139e-05	
4.709383e-06	-2.415465e-05	4.313399e-05	-4.490552e-05	2.645656e-03	-1.718409e-05	6.145465e-05	
2.334433e-05	2.828035e-05	-7.011903e-05	-9.928144e-05	-1.718409e-05	2.718696e-03	-5.106544e-06	
3.685646e-05	5.469609e-05	4.238812e-05	-1.719139e-05	6.145465e-05	-5.106544e-06	2.707995e-03	

VAR-COVAR MATRIX: ITER = 11500
2.693298e-03	-7.684068e-06	-6.243367e-05	-4.550106e-05	-7.898981e-05	2.636125e-05	-2.415956e-05	
-7.684068e-06	2.573765e-03	-1.060478e-04	3.107733e-05	-9.447725e-06	-3.697635e-05	9.437238e-06	
-6.243367e-05	-1.060478e-04	2.728574e-03	2.796865e-05	2.427364e-05	4.212793e-06	-4.767937e-05	
-4.550106e-05	3.107733e-05	2.796865e-05	2.685887e-03	1.743057e-05	-3.517624e-05	-5.438848e-05	
-7.898981e-05	-9.447725e-06	2.427364e-05	1.743057e-05	2.767175e-03	7.111499e-05	-1.727521e-05	
2.636125e-05	-3.697635e-05	4.212793e-06	-3.517624e-05	7.111499e-05	2.645176e-03	-5.446203e-05	
-2.415956e-05	9.437238e-06	-4.767937e-05	-5.438848e-05	-1.727521e-05	-5.446203e-05	2.781516e-03	

VAR-COVAR MATRIX: ITER = 12000
2.611244e-03	5.208619e-05	-9.642430e-06	-3.766383e-05	1.702412e-05	2.216865e-05	1.540598e-06	
5.208619e-05	2.631308e-03	-5.664401e-05	-5.178962e-05	-9.721272e-05	-4.269159e-05	1.287806e-05	
-9.642430e-06	-5.664401e-05	2.660697e-03	1.221682e-05	1.711003e-04	1.091786e-04	6.404957e-05	
-3.766383e-05	-5.178962e-05	1.221682e-05	2.721132e-03	-9.137785e-05	2.504154e-05	1.216613e-04	
1.702412e-05	-9.721272e-05	1.711003e-04	-9.137785e-05	2.724944e-03	-5.702522e-07	-7.338130e-05	
2.216865e-05	-4.269159e-05	1.091786e-04	2.504154e-05	-5.702522e-07	2.708720e-03	-6.953596e-05	
1.540598e-06	1.287806e-05	6.404957e-05	1.216613e-04	-7.338130e-05	-6.953596e-05	2.683697e-03	

VAR-COVAR MATRIX: ITER = 12500
2.711736e-03	-2.561659e-05	-1.703060e-05	2.496002e-05	-6.382527e-05	-1.439806e-05	-8.027786e-05	
-2.561659e-05	2.676793e-03	5.450936e-05	-4.192935e-05	1.975763e-05	7.214964e-05	2.562001e-05	
-1.703060e-05	5.450936e-05	2.645706e-03	3.889984e-05	1.763895e-04	3.023220e-05	-1.030456e-04	
2.496002e-05	-4.192935e-05	3.889984e-05	2.465111e-03	-4.562588e-05	9.817125e-06	6.433907e-05	
-6.382527e-05	1.975763e-05	1.763895e-04	-4.562588e-05	2.844185e-03	3.268611e-05	4.570494e-05	
-1.439806e-05	7.214964e-05	3.023220e-05	9.817125e-06	3.268611e-05	2.657898e-03	9.115954e-05	
-8.027786e-05	2.562001e-05	-1.030456e-04	6.433907e-05	4.570494e-05	9.115954e-05	2.593822e-03	

VAR-COVAR MATRIX: ITER = 13000
2.665722e-03	-3.078628e-05	3.058772e-05	1.051313e-04	-5.270402e-05	-4.366601e-05	-4.098076e-05	
-3.078628e-05	2.533562e-03	4.035228e-06	-4.676356e-05	2.390511e-05	4.042894e-05	7.020755e-05	
3.058772e-05	4.035228e-06	2.793291e-03	-1.672085e-05	4.507116e-05	-6.448705e-05	-3.844594e-05	
1.051313e-04	-4.676356e-05	-1.672085e-05	2.691370e-03	4.888950e-05	-1.365554e-05	2.271962e-05	
-5.270402e-05	2.390511e-05	4.507116e-05	4.888950e-05	2.610718e-03	-5.420730e-05	-6.268717e-05	
-4.366601e-05	4.042894e-05	-6.448705e-05	-1.365554e-05	-5.420730e-05	2.708089e-03	3.907827e-06	
-4.098076e-05	7.020755e-05	-3.844594e-05	2.271962e-05	-6.268717e-05	3.907827e-06	2.723222e-03	

VAR-COVAR MATRIX: ITER = 13500
2.670291e-03	2.454871e-06	2.026817e-05	-1.645101e-05	-2.889628e-05	2.539096e-05	2.211762e-05	
2.454871e-06	2.648595e-03	-5.413190e-05	7.063693e-05	-7.357383e-05	1.126649e-04	-8.700363e-06	
2.026817e-05	-5.413190e-05	2.581458e-03	-7.704051e-05	7.474160e-05	-3.230651e-06	8.950195e-06	
-1.645101e-05	7.063693e-05	-7.704051e-05	2.749159e-03	9.057541e-06	-2.323480e-05	8.139071e-05	
-2.889628e-05	-7.357383e-05	7.474160e-05	9.057541e-06	2.700818e-03	-5.463599e-05	-7.543978e-05	
2.539096e-05	1.126649e-04	-3.230651e-06	-2.323480e-05	-5.463599e-05	2.775230e-03	1.954472e-05	
2.211762e-05	-8.700363e-06	8.950195e-06	8.139071e-05	-7.543978e-05	1.954472e-05	2.647769e-03	

VAR-COVAR MATRIX: ITER = 14000
2.575993e-03	3.030520e-05	-3.455816e-05	-5.149102e-06	7.499968e-05	2.518016e-05	-4.434049e-05	
3.030520e-05	2.692697e-03	-4.089941e-05	-1.161755e-05	-5.220318e-06	-2.056784e-05	-2.260212e-05	
-3.455816e-05	-4.089941e-05	2.616469e-03	-5.111115e-06	4.739758e-05	-1.510957e-05	3.133885e-05	
-5.149102e-06	-1.161755e-05	-5.111115e-06	2.654897e-03	-9.291080e-05	-3.721453e-06	3.790157e-05	
7.499968e-05	-5.220318e-06	4.739758e-05	-9.291080e-05	2.723426e-03	7.380964e-06	3.530723e-05	
2.518016e-05	-2.056784e-05	-1.510957e-05	-3.721453e-06	7.380964e-06	2.691616e-03	-1.609685e-05	
-4.434049e-05	-2.260212e-05	3.133885e-05	3.790157e-05	3.530723e-05	-1.609685e-05	2.723290e-03	

VAR-COVAR MATRIX: ITER = 14500
2.776762e-03	-2.421371e-05	4.452882e-05	-2.521238e-05	2.722752e-06	6.687567e-05	8.032634e-05	
-2.421371e-05	2.673135e-03	-9.585441e-06	4.120533e-05	-5.274704e-05	-1.845955e-05	1.743175e-05	
4.452882e-05	-9.585441e-06	2.596846e-03	-1.137963e-04	3.263542e-05	2.395943e-05	-1.116291e-05	
-2.521238e-05	4.120533e-05	-1.137963e-04	2.599268e-03	-2.559196e-05	1.077414e-04	5.578676e-06	
2.722752e-06	-5.274704e-05	3.263542e-05	-2.559196e-05	2.681957e-03	4.626507e-05	-2.665007e-05	
6.687567e-05	-1.845955e-05	2.395943e-05	1.077414e-04	4.626507e-05	2.782338e-03	5.757667e-05	
8.032634e-05	1.743175e-05	-1.116291e-05	5.578676e-06	-2.665007e-05	5.757667e-05	2.768802e-03	

VAR-COVAR MATRIX: ITER = 15000
2.637463e-03	1.270151e-04	-1.569002e-05	-1.066815e-04	-7.253435e-05	3.491149e-05	6.245045e-05	
1.270151e-04	2.624142e-03	-1.348179e-05	5.295200e-06	8.682688e-06	-1.082680e-04	5.046072e-05	
-1.569002e-05	-1.348179e-05	2.600918e-03	-6.675300e-05	-1.641085e-05	5.577785e-05	1.532873e-05	
-1.066815e-04	5.295200e-06	-6.675300e-05	2.612553e-03	3.874479e-05	-6.364682e-05	5.223406e-06	
-7.253435e-05	8.682688e-06	-1.641085e-05	3.874479e-05	2.796543e-03	5.057418e-05	-8.811447e-05	
3.491149e-05	-1.082680e-04	5.577785e-05	-6.364682e-05	5.057418e-05	2.703122e-03	1.865476e-05	
6.245045e-05	5.046072e-05	1.532873e-05	5.223406e-06	-8.811447e-05	1.865476e-05	2.650431e-03	

VAR-COVAR MATRIX: ITER = 15500
2.810129e-03	1.182694e-04	-4.880028e-05	-2.123339e-07	-2.013756e-05	3.260789e-05	-8.611943e-06	
1.182694e-04	2.709629e-03	1.124638e-05	2.007188e-05	-5.523274e-05	-2.208448e-06	4.916936e-05	
-4.880028e-05	1.124638e-05	2.720880e-03	-8.910709e-05	1.249090e-04	4.617431e-05	7.154559e-05	
-2.123339e-07	2.007188e-05	-8.910709e-05	2.669638e-03	-1.377750e-05	2.288061e-05	-5.492512e-05	
-2.013756e-05	-5.523274e-05	1.249090e-04	-1.377750e-05	2.686593e-03	1.375827e-05	-2.506844e-05	
3.260789e-05	-2.208448e-06	4.617431e-05	2.288061e-05	1.375827e-05	2.648824e-03	5.552624e-06	
-8.611943e-06	4.916936e-05	7.154559e-05	-5.492512e-05	-2.506844e-05	5.552624e-06	2.503308e-03	

VAR-COVAR MATRIX: ITER = 16000
2.743943e-03	3.947347e-05	-1.636725e-05	-1.951488e-05	-6.809898e-05	-8.250411e-05	4.063349e-06	
3.947347e-05	2.796910e-03	-2.254855e-05	5.498814e-07	-6.991056e-05	-3.683771e-05	2.229285e-05	
-1.636725e-05	-2.254855e-05	2.687941e-03	4.155376e-05	8.741444e-05	-4.138889e-06	-2.848385e-06	
-1.951488e-05	5.498814e-07	4.155376e-05	2.681224e-03	3.216351e-05	2.387999e-05	7.548069e-05	
-6.809898e-05	-6.991056e-05	8.741444e-05	3.216351e-05	2.633689e-03	-1.064611e-05	5.412456e-06	
-8.250411e-05	-3.683771e-05	-4.138889e-06	2.387999e-05	-1.064611e-05	2.706912e-03	6.758313e-06	
4.063349e-06	2.229285e-05	-2.848385e-06	7.548069e-05	5.412456e-06	6.758313e-06	2.708728e-03	

VAR-COVAR MATRIX: ITER = 16500
2.608573e-03	1.457888e-05	-3.367237e-05	-1.918034e-05	-9.515496e-06	-1.733305e-05	5.538281e-05	
1.457888e-05	2.682224e-03	-2.210663e-05	1.019686e-05	-1.769545e-05	7.400974e-05	6.496277e-06	
-3.367237e-05	-2.210663e-05	2.685680e-03	-1.162563e-05	8.382015e-05	2.387149e-05	4.021254e-05	
-1.918034e-05	1.019686e-05	-1.162563e-05	2.689804e-03	-8.632593e-05	5.476233e-05	-1.799511e-06	
-9.515496e-06	-1.769545e-05	8.382015e-05	-8.632593e-05	2.699642e-03	-1.348974e-05	2.874486e-06	
-1.733305e-05	7.400974e-05	2.387149e-05	5.476233e-05	-1.348974e-05	2.750617e-03	-2.852070e-05	
5.538281e-05	6.496277e-06	4.021254e-05	-1.799511e-06	2.874486e-06	-2.852070e-05	2.779833e-03	

VAR-COVAR MATRIX: ITER = 17000
2.698359e-03	-1.721982e-06	1.927295e-05	-1.624394e-05	-3.150039e-05	-2.026659e-05	-7.315281e-05	
-1.721982e-06	2.711271e-03	3.132329e-05	-2.391136e-05	-3.058508e-05	-4.463748e-05	-7.414136e-05	
1.927295e-05	3.132329e-05	2.726238e-03	-2.741685e-05	2.298227e-05	-1.263326e-05	-5.829470e-05	
-1.624394e-05	-2.391136e-05	-2.741685e-05	2.719866e-03	5.423613e-05	-1.860681e-05	-8.547824e-05	
-3.150039e-05	-3.058508e-05	2.298227e-05	5.423613e-05	2.812784e-03	-2.820333e-05	-5.905448e-05	
-2.026659e-05	-4.463748e-05	-1.263326e-05	-1.860681e-05	-2.820333e-05	2.699892e-03	-2.688149e-05	
-7.315281e-05	-7.414136e-05	-5.829470e-05	-8.547824e-05	-5.905448e-05	-2.688149e-05	2.727546e-03	

VAR-COVAR MATRIX: ITER = 17500
2.666480e-03	2.252012e-05	-4.718197e-05	-5.926816e-06	-4.737250e-05	-6.571019e-05	-2.700728e-05	
2.252012e-05	2.706979e-03	-9.755447e-06	3.809461e-05	-3.253974e-05	3.297680e-06	-5.495251e-05	
-4.718197e-05	-9.755447e-06	2.706739e-03	6.069855e-05	6.843006e-06	-6.342622e-05	-6.585130e-05	
-5.926816e-06	3.809461e-05	6.069855e-05	2.720103e-03	4.694192e-05	-4.085253e-05	8.980647e-05	
-4.737250e-05	-3.253974e-05	6.843006e-06	4.694192e-05	2.712751e-03	-3.140121e-05	-1.064685e-04	
-6.571019e-05	3.297680e-06	-6.342622e-05	-4.085253e-05	-3.140121e-05	2.620864e-03	3.928486e-05	
-2.700728e-05	-5.495251e-05	-6.585130e-05	8.980647e-05	-1.064685e-04	3.928486e-05	2.691400e-03	

VAR-COVAR MATRIX: ITER = 18000
2.765852e-03	-2.928654e-05	-7.111352e-05	-2.481557e-05	-2.234312e-05	2.168833e-05	-2.897186e-05	
-2.928654e-05	2.638791e-03	-2.335801e-05	4.698186e-05	-7.272678e-05	4.664417e-05	-3.157603e-05	
-7.111352e-05	-2.335801e-05	2.768719e-03	6.543203e-07	6.051288e-05	-1.321267e-05	-4.056991e-05	
-2.481557e-05	4.698186e-05	6.543203e-07	2.640147e-03	-7.614178e-05	9.058964e-05	7.729532e-05	
-2.234312e-05	-7.272678e-05	6.051288e-05	-7.614178e-05	2.689496e-03	-4.697323e-05	-6.806396e-05	
2.168833e-05	4.664417e-05	-1.321267e-05	9.058964e-05	-4.697323e-05	2.699870e-03	-2.172175e-05	
-2.897186e-05	-3.157603e-05	-4.056991e-05	7.729532e-05	-6.806396e-05	-2.172175e-05	2.680644e-03	

VAR-COVAR MATRIX: ITER = 18500
2.781814e-03	2.472289e-05	-4.138334e-05	6.157777e-05	-5.159541e-05	1.087775e-05	1.108685e-06	
2.472289e-05	2.581271e-03	-1.086327e-04	-6.857901e-05	-2.575015e-05	1.367007e-04	1.657505e-06	
-4.138334e-05	-1.086327e-04	2.692192e-03	2.252052e-05	6.569342e-05	-4.744932e-05	1.597114e-05	
6.157777e-05	-6.857901e-05	2.252052e-05	2.722458e-03	5.116720e-05	-3.262276e-05	7.051959e-05	
-5.159541e-05	-2.575015e-05	6.569342e-05	5.116720e-05	2.747091e-03	-4.593339e-05	-4.466587e-05	
1.087775e-05	1.367007e-04	-4.744932e-05	-3.262276e-05	-4.593339e-05	2.702797e-03	-8.731081e-05	
1.108685e-06	1.657505e-06	1.597114e-05	7.051959e-05	-4.466587e-05	-8.731081e-05	2.637470e-03	

VAR-COVAR MATRIX: ITER = 19000
2.675259e-03	3.131124e-06	-2.193951e-06	-4.939068e-05	-5.691320e-05	8.616370e-05	-5.462928e-06	
3.131124e-06	2.731166e-03	3.962507e-05	-3.271528e-06	-7.939210e-05	-2.056566e-05	2.123490e-05	
-2.193951e-06	3.962507e-05	2.725667e-03	-4.944861e-06	6.554244e-05	-1.490841e-05	3.860578e-05	
-4.939068e-05	-3.271528e-06	-4.944861e-06	2.634430e-03	3.003557e-05	-8.606933e-05	1.893264e-05	
-5.691320e-05	-7.939210e-05	6.554244e-05	3.003557e-05	2.706724e-03	2.317281e-05	-5.160282e-05	
8.616370e-05	-2.056566e-05	-1.490841e-05	-8.606933e-05	2.317281e-05	2.681703e-03	5.245090e-05	
-5.462928e-06	2.123490e-05	3.860578e-05	1.893264e-05	-5.160282e-05	5.245090e-05	2.571531e-03	

VAR-COVAR MATRIX: ITER = 19500
2.757127e-03	5.068996e-05	-1.030237e-04	1.020218e-05	-4.161705e-05	3.270869e-05	2.922234e-05	
5.068996e-05	2.708787e-03	-1.406102e-05	-3.580668e-05	4.798706e-05	1.036624e-05	-1.283319e-05	
-1.030237e-04	-1.406102e-05	2.757168e-03	-4.873521e-05	7.278281e-05	4.317162e-05	6.555452e-05	
1.020218e-05	-3.580668e-05	-4.873521e-05	2.797694e-03	-1.655712e-04	-3.305935e-05	6.375420e-05	
-4.161705e-05	4.798706e-05	7.278281e-05	-1.655712e-04	2.768105e-03	-4.134686e-05	4.457922e-05	
3.270869e-05	1.036624e-05	4.317162e-05	-3.305935e-05	-4.134686e-05	2.679416e-03	-2.655359e-05	
2.922234e-05	-1.283319e-05	6.555452e-05	6.375420e-05	4.457922e-05	-2.655359e-05	2.729116e-03	

VAR-COVAR MATRIX: ITER = 20000
2.599325e-03	-4.658159e-05	-2.517151e-05	3.332732e-05	-1.011079e-05	8.960260e-07	-2.241094e-05	
-4.658159e-05	2.553166e-03	-1.108176e-04	1.246995e-05	-4.200943e-05	-8.778886e-06	-1.331516e-05	
-2.517151e-05	-1.108176e-04	2.636461e-03	-2.424751e-05	4.226054e-05	2.292366e-05	-4.344256e-05	
3.332732e-05	1.246995e-05	-2.424751e-05	2.559835e-03	2.994359e-05	-3.098068e-05	-5.997161e-07	
-1.011079e-05	-4.200943e-05	4.226054e-05	2.994359e-05	2.666562e-03	1.114525e-05	1.143332e-05	
8.960260e-07	-8.778886e-06	2.292366e-05	-3.098068e-05	1.114525e-05	2.679014e-03	-2.704414e-05	
-2.241094e-05	-1.331516e-05	-4.344256e-05	-5.997161e-07	1.143332e-05	-2.704414e-05	2.666066e-03	

VAR-COVAR MATRIX: ITER = 20500
2.634321e-03	-4.729480e-05	5.075947e-06	1.295023e-05	1.065038e-04	-6.901710e-05	-2.547907e-05	
-4.729480e-05	2.728620e-03	-2.521673e-05	4.743577e-05	6.275083e-06	4.032153e-05	-6.499013e-05	
5.075947e-06	-2.521673e-05	2.759850e-03	-2.163727e-06	-2.521353e-07	-6.147615e-06	7.142276e-05	
1.295023e-05	4.743577e-05	-2.163727e-06	2.793007e-03	9.404629e-05	4.449996e-06	2.745584e-05	
1.065038e-04	6.275083e-06	-2.521353e-07	9.404629e-05	2.711318e-03	1.405244e-05	-4.066848e-06	
-6.901710e-05	4.032153e-05	-6.147615e-06	4.449996e-06	1.405244e-05	2.647603e-03	-1.566742e-05	
-2.547907e-05	-6.499013e-05	7.142276e-05	2.745584e-05	-4.066848e-06	-1.566742e-05	2.769830e-03	

VAR-COVAR MATRIX: ITER = 21000
2.577097e-03	6.746475e-05	-5.900172e-05	-6.766327e-07	3.982943e-06	-2.470743e-05	3.960911e-05	
6.746475e-05	2.695988e-03	1.891560e-05	-8.903089e-06	-4.052058e-06	-3.997891e-05	-3.946723e-05	
-5.900172e-05	1.891560e-05	2.797846e-03	6.251652e-05	-3.650580e-06	2.687341e-06	-2.218906e-06	
-6.766327e-07	-8.903089e-06	6.251652e-05	2.572116e-03	-1.988370e-05	9.575611e-05	-5.029587e-05	
3.982943e-06	-4.052058e-06	-3.650580e-06	-1.988370e-05	2.722077e-03	4.094886e-05	-3.198621e-05	
-2.470743e-05	-3.997891e-05	2.687341e-06	9.575611e-05	4.094886e-05	2.744463e-03	-3.451205e-05	
3.960911e-05	-3.946723e-05	-2.218906e-06	-5.029587e-05	-3.198621e-05	-3.451205e-05	2.808744e-03	

VAR-COVAR MATRIX: ITER = 21500
2.578814e-03	-1.258430e-05	-4.813573e-05	1.145225e-04	6.324308e-05	-1.061061e-05	-2.842086e-05	
-1.258430e-05	2.669699e-03	-3.104061e-05	-3.102158e-05	-1.953418e-05	-2.374264e-05	1.940813e-05	
-4.813573e-05	-3.104061e-05	2.746470e-03	-1.883996e-05	6.494354e-05	6.922155e-06	-4.435356e-05	
1.145225e-04	-3.102158e-05	-1.883996e-05	2.762136e-03	3.908565e-05	2.046492e-05	4.204623e-05	
6.324308e-05	-1.953418e-05	6.494354e-05	3.908565e-05	2.878849e-03	8.583224e-06	-2.137977e-05	
-1.061061e-05	-2.374264e-05	6.922155e-06	2.046492e-05	8.583224e-06	2.753224e-03	-2.511165e-05	
-2.842086e-05	1.940813e-05	-4.435356e-05	4.204623e-05	-2.137977e-05	-2.511165e-05	2.559498e-03	

VAR-COVAR MATRIX: ITER = 22000
2.614816e-03	4.004096e-05	3.243215e-05	-6.879150e-06	5.717183e-06	4.937391e-06	-3.316558e-05	
4.004096e-05	2.707001e-03	-1.219773e-04	2.871877e-05	2.999876e-06	6.532182e-05	-4.818307e-05	
3.243215e-05	-1.219773e-04	2.662343e-03	9.335788e-05	4.364636e-05	-1.713634e-05	-1.480849e-05	
-6.879150e-06	2.871877e-05	9.335788e-05	2.697803e-03	-1.737461e-05	6.939922e-05	-2.638951e-05	
5.717183e-06	2.999876e-06	4.364636e-05	-1.737461e-05	2.664670e-03	-7.199002e-05	-1.847834e-05	
4.937391e-06	6.532182e-05	-1.713634e-05	6.939922e-05	-7.199002e-05	2.607817e-03	-7.676786e-06	
-3.316558e-05	-4.818307e-05	-1.480849e-05	-2.638951e-05	-1.847834e-05	-7.676786e-06	2.640293e-03	

VAR-COVAR MATRIX: ITER = 22500
2.735404e-03	7.917651e-05	-3.507320e-05	5.030354e-05	-2.709234e-05	7.579827e-05	-5.631652e-05	
7.917651e-05	2.624826e-03	-5.719349e-05	6.486072e-05	-7.217889e-05	-2.925728e-06	7.093345e-05	
-3.507320e-05	-5.719349e-05	2.619456e-03	-6.295009e-06	6.643752e-05	-7.446513e-05	-2.445495e-05	
5.030354e-05	6.486072e-05	-6.295009e-06	2.778666e-03	-4.438459e-05	1.000936e-05	6.876104e-05	
-2.709234e-05	-7.217889e-05	6.643752e-05	-4.438459e-05	2.676077e-03	8.478731e-06	4.829882e-05	
7.579827e-05	-2.925728e-06	-7.446513e-05	1.000936e-05	8.478731e-06	2.608866e-03	-2.894173e-05	
-5.631652e-05	7.093345e-05	-2.445495e-05	6.876104e-05	4.829882e-05	-2.894173e-05	2.777058e-03	

VAR-COVAR MATRIX: ITER = 23000
2.650539e-03	1.200580e-05	-3.795562e-05	2.037539e-06	-3.926840e-05	7.285759e-06	-7.984032e-06	
1.200580e-05	2.571756e-03	-2.077187e-05	1.048679e-06	-3.242954e-06	3.511808e-05	1.125794e-04	
-3.795562e-05	-2.077187e-05	2.664894e-03	1.805502e-05	2.015995e-05	-4.109258e-05	-7.982511e-05	
2.037539e-06	1.048679e-06	1.805502e-05	2.650415e-03	8.049487e-05	2.296142e-05	-6.755151e-05	
-3.926840e-05	-3.242954e-06	2.015995e-05	8.049487e-05	2.627128e-03	-3.849533e-05	-2.480617e-05	
7.285759e-06	3.511808e-05	-4.109258e-05	2.296142e-05	-3.849533e-05	2.585933e-03	-5.888261e-06	
-7.984032e-06	1.125794e-04	-7.982511e-05	-6.755151e-05	-2.480617e-05	-5.888261e-06	2.667813e-03	

VAR-COVAR MATRIX: ITER = 23500
2.668577e-03	1.261598e-05	1.259563e-05	1.094298e-05	-4.074224e-05	1.180931e-04	1.587446e-05	
1.261598e-05	2.563892e-03	1.942903e-05	3.849369e-05	-2.461162e-05	1.535234e-05	6.959361e-05	
1.259563e-05	1.942903e-05	2.831958e-03	-4.280347e-05	8.147519e-05	1.085680e-05	7.948601e-06	
1.094298e-05	3.849369e-05	-4.280347e-05	2.756984e-03	-3.752609e-05	-3.780677e-05	-7.737732e-05	
-4.074224e-05	-2.461162e-05	8.147519e-05	-3.752609e-05	2.719171e-03	5.323427e-05	8.498916e-05	
1.180931e-04	1.535234e-05	1.085680e-05	-3.780677e-05	5.323427e-05	2.715863e-03	2.405057e-05	
1.587446e-05	6.959361e-05	7.948601e-06	-7.737732e-05	8.498916e-05	2.405057e-05	2.818786e-03	

VAR-COVAR MATRIX: ITER = 24000
2.832782e-03	5.833030e-05	4.316583e-05	-5.288937e-05	9.468084e-06	-5.665848e-05	2.396053e-05	
5.833030e-05	2.635076e-03	6.348584e-05	-2.297108e-05	3.614471e-06	-3.592993e-05	1.084469e-04	
4.316583e-05	6.348584e-05	2.694673e-03	-8.608332e-05	5.794483e-05	-7.485824e-05	2.327497e-05	
-5.288937e-05	-2.297108e-05	-8.608332e-05	2.663301e-03	-7.530703e-05	4.718077e-05	1.217189e-05	
9.468084e-06	3.614471e-06	5.794483e-05	-7.530703e-05	2.637996e-03	6.698673e-05	2.559215e-05	
-5.665848e-05	-3.592993e-05	-7.485824e-05	4.718077e-05	6.698673e-05	2.690114e-03	1.503682e-05	
2.396053e-05	1.084469e-04	2.327497e-05	1.217189e-05	2.559215e-05	1.503682e-05	2.574528e-03	

VAR-COVAR MATRIX: ITER = 24500
2.630903e-03	-9.258525e-06	-3.791098e-05	-2.365158e-05	3.155219e-06	8.772991e-05	3.225747e-05	
-9.258525e-06	2.599194e-03	-2.290976e-05	-5.385764e-05	-7.353191e-06	-6.778309e-05	9.765566e-06	
-3.791098e-05	-2.290976e-05	2.698565e-03	-2.867672e-05	4.947783e-05	-1.592788e-05	3.650014e-05	
-2.365158e-05	-5.385764e-05	-2.867672e-05	2.682146e-03	-4.036965e-05	-4.430655e-05	4.967571e-05	
3.155219e-06	-7.353191e-06	4.947783e-05	-4.036965e-05	2.691609e-03	3.529579e-05	5.585618e-05	
8.772991e-05	-6.778309e-05	-1.592788e-05	-4.430655e-05	3.529579e-05	2.875717e-03	5.424408e-05	
3.225747e-05	9.765566e-06	3.650014e-05	4.967571e-05	5.585618e-05	5.424408e-05	2.624532e-03	

VAR-COVAR MATRIX: ITER = 25000
2.918480e-03	-1.232661e-04	3.845721e-05	2.503422e-05	-1.161105e-05	5.232324e-05	-9.271263e-05	
-1.232661e-04	2.601871e-03	2.584263e-05	4.905647e-05	3.562886e-05	3.347876e-05	4.629738e-05	
3.845721e-05	2.584263e-05	2.805568e-03	2.799370e-05	2.374765e-05	-2.926620e-05	4.115332e-05	
2.503422e-05	4.905647e-05	2.799370e-05	2.609802e-03	-3.264521e-06	-1.745805e-05	-3.481940e-05	
-1.161105e-05	3.562886e-05	2.374765e-05	-3.264521e-06	2.681309e-03	-4.820915e-05	-7.151278e-05	
5.232324e-05	3.347876e-05	-2.926620e-05	-1.745805e-05	-4.820915e-05	2.863336e-03	-2.864886e-05	
-9.271263e-05	4.629738e-05	4.115332e-05	-3.481940e-05	-7.151278e-05	-2.864886e-05	2.756270e-03	

VAR-COVAR MATRIX: ITER = 25500
2.758798e-03	7.388763e-05	-1.584362e-05	-7.751250e-05	-3.886475e-05	-5.811327e-06	-9.425656e-06	
7.388763e-05	2.588947e-03	-2.417285e-05	-3.149952e-05	5.905358e-05	-6.403487e-05	-5.123892e-05	
-1.584362e-05	-2.417285e-05	2.743488e-03	-3.788794e-06	-3.031280e-05	1.842118e-06	-8.726162e-06	
-7.751250e-05	-3.149952e-05	-3.788794e-06	2.618974e-03	-4.554466e-05	-3.091912e-05	9.652366e-07	
-3.886475e-05	5.905358e-05	-3.031280e-05	-4.554466e-05	2.713189e-03	-1.796674e-04	-1.013519e-04	
-5.811327e-06	-6.403487e-05	1.842118e-06	-3.091912e-05	-1.796674e-04	2.735498e-03	2.883492e-05	
-9.425656e-06	-5.123892e-05	-8.726162e-06	9.652366e-07	-1.013519e-04	2.883492e-05	2.796595e-03	

VAR-COVAR MATRIX: ITER = 26000
2.686313e-03	6.343638e-05	-1.462255e-05	4.606883e-05	1.854309e-05	7.700764e-05	1.971324e-05	
6.343638e-05	2.628073e-03	-2.768729e-05	3.315134e-05	3.748806e-06	-7.623372e-05	-2.613749e-05	
-1.462255e-05	-2.768729e-05	2.739192e-03	8.465217e-06	1.015071e-05	4.458784e-05	3.850956e-05	
4.606883e-05	3.315134e-05	8.465217e-06	2.768090e-03	-4.174058e-05	9.774665e-05	6.204111e-05	
1.854309e-05	3.748806e-06	1.015071e-05	-4.174058e-05	2.803320e-03	3.683090e-05	-4.349220e-06	
7.700764e-05	-7.623372e-05	4.458784e-05	9.774665e-05	3.683090e-05	2.705749e-03	-1.182372e-05	
1.971324e-05	-2.613749e-05	3.850956e-05	6.204111e-05	-4.349220e-06	-1.182372e-05	2.769087e-03	

VAR-COVAR MATRIX: ITER = 26500
2.605402e-03	4.679848e-05	-7.668484e-05	1.159696e-05	5.076022e-06	1.882432e-05	-3.220448e-05	
4.679848e-05	2.704205e-03	4.781336e-05	-4.118245e-06	-2.719254e-05	6.620683e-05	6.324415e-05	
-7.668484e-05	4.781336e-05	2.630784e-03	2.870502e-05	3.699965e-05	3.069552e-05	-4.337453e-05	
1.159696e-05	-4.118245e-06	2.870502e-05	2.551570e-03	-6.323411e-05	-4.754923e-05	2.153340e-05	
5.076022e-06	-2.719254e-05	3.699965e-05	-6.323411e-05	2.577601e-03	4.167231e-05	-9.935033e-06	
1.882432e-05	6.620683e-05	3.069552e-05	-4.754923e-05	4.167231e-05	2.773323e-03	-2.165577e-05	
-3.220448e-05	6.324415e-05	-4.337453e-05	2.153340e-05	-9.935033e-06	-2.165577e-05	2.598195e-03	

VAR-COVAR MATRIX: ITER = 27000
2.836948e-03	5.514639e-05	-5.214677e-06	4.274633e-05	9.063860e-06	4.375654e-05	8.261160e-06	
5.514639e-05	2.532280e-03	-1.673384e-05	9.558851e-05	-4.184484e-05	-6.926870e-06	-9.775515e-05	
-5.214677e-06	-1.673384e-05	2.560503e-03	7.749567e-06	2.095318e-05	4.500896e-05	-1.043969e-04	
4.274633e-05	9.558851e-05	7.749567e-06	2.677148e-03	-6.634938e-05	-1.074078e-04	2.818384e-05	
9.063860e-06	-4.184484e-05	2.095318e-05	-6.634938e-05	2.685467e-03	-2.651866e-05	-7.184790e-05	
4.375654e-05	-6.926870e-06	4.500896e-05	-1.074078e-04	-2.651866e-05	2.692390e-03	4.423622e-05	
8.261160e-06	-9.775515e-05	-1.043969e-04	2.818384e-05	-7.184790e-05	4.423622e-05	2.659141e-03	

VAR-COVAR MATRIX: ITER = 27500
2.601392e-03	2.735254e-05	-2.455808e-05	-5.470216e-05	4.169835e-05	4.059162e-05	-4.638075e-05	
2.735254e-05	2.575397e-03	4.480844e-05	-8.202801e-05	-2.480436e-06	1.386585e-06	1.941132e-05	
-2.455808e-05	4.480844e-05	2.701643e-03	-2.684032e-05	9.042584e-05	-1.531907e-05	-1.926000e-05	
-5.470216e-05	-8.202801e-05	-2.684032e-05	2.559515e-03	-5.505271e-05	8.781070e-05	5.709633e-05	
4.169835e-05	-2.480436e-06	9.042584e-05	-5.505271e-05	2.748606e-03	5.574313e-05	-1.187441e-04	
4.059162e-05	1.386585e-06	-1.531907e-05	8.781070e-05	5.574313e-05	2.658262e-03	-3.658835e-05	
-4.638075e-05	1.941132e-05	-1.926000e-05	5.709633e-05	-1.187441e-04	-3.658835e-05	2.730536e-03	

VAR-COVAR MATRIX: ITER = 28000
2.703345e-03	-2.575406e-05	3.086771e-05	-4.812177e-05	6.634547e-05	2.859783e-05	-5.303405e-05	
-2.575406e-05	2.727522e-03	7.306501e-05	8.192249e-05	1.053586e-05	3.449543e-05	-1.295823e-05	
3.086771e-05	7.306501e-05	2.648559e-03	-8.529619e-07	3.197154e-05	-3.178642e-05	-1.513601e-05	
-4.812177e-05	8.192249e-05	-8.529619e-07	2.739207e-03	-3.611431e-05	1.716586e-05	6.520693e-05	
6.634547e-05	1.053586e-05	3.197154e-05	-3.611431e-05	2.676917e-03	-3.827542e-05	-4.359517e-05	
2.859783e-05	3.449543e-05	-3.178642e-05	1.716586e-05	-3.827542e-05	2.639573e-03	-8.363095e-05	
-5.303405e-05	-1.295823e-05	-1.513601e-05	6.520693e-05	-4.359517e-05	-8.363095e-05	2.553066e-03	

VAR-COVAR MATRIX: ITER = 28500
2.672180e-03	1.092063e-04	-6.734774e-05	1.972145e-05	-4.837332e-05	1.978178e-05	3.634968e-05	
1.092063e-04	2.551486e-03	-4.162617e-05	4.192341e-05	-1.868465e-06	-2.544975e-05	2.608445e-05	
-6.734774e-05	-4.162617e-05	2.730873e-03	6.580499e-05	-9.093676e-06	-8.708598e-05	-7.996387e-06	
1.972145e-05	4.192341e-05	6.580499e-05	2.658313e-03	5.831402e-06	-5.535642e-07	-6.772729e-06	
-4.837332e-05	-1.868465e-06	-9.093676e-06	5.831402e-06	2.652821e-03	-1.477963e-05	-3.231978e-05	
1.978178e-05	-2.544975e-05	-8.708598e-05	-5.535642e-07	-1.477963e-05	2.734308e-03	1.072609e-05	
